533 577 877 909 
20485 20525 20809 20841 
577 877 909 941 
20525 20809 20841 20873 
877 909 941 1117 
20809 20841 20873 21057 
909 941 1117 1149 
20841 20873 21057 21089 
941 1117 1149 1365 
20873 21057 21089 21321 
1117 1149 1365 1509 
21057 21089 21321 21457 
1149 1365 1509 1657 
21089 21321 21457 21601 
2893 3381 3449 3517 
22821 23313 23377 23453 
3381 3449 3517 3681 
23313 23377 23453 23613 
3449 3517 3681 3765 
23377 23453 23613 23693 
3517 3681 3765 3821 
23453 23613 23693 23749 
3681 3765 3821 4037 
23613 23693 23749 23965 
7965 8253 8301 8469 
25405 25697 25753 25921 
8253 8301 8469 8545 
25697 25753 25921 26013 
13729 13777 13817 14017 
31101 31149 31185 31409 
13777 13817 14017 14077 
31149 31185 31409 31509 
